100000999999,18041032
100001799999,510029
100002499999,1380079
100003799999,650037
100004599999,490028
100005799999,540031
100006699999,330019
100007799999,560032
100008799999,440025
100009899999,880050
100011199999,440025
100011399999,390023
100012499999,1410080
100013999999,600035
100014499999,510029
100015499999,270015
100016299999,730042
100017499999,350020
100018199999,680039
100019299999,460026
100020699999,450026
100021099999,400023
100022099999,450026
100023199999,220012
100024199999,450026
100025099999,1440082
100025999999,130008
100026499999,470027
100027499999,360020
100028499999,190011
100028799999,300017
100030599999,260015
100031699999,1010058
100032299999,470027
100033599999,1080062
100035299999,440025
100036399999,440025
100037299999,470027
100038299999,200011
100038799999,310018
100039499999,720041
100040599999,350020
100041699999,190011
100042499999,220013
100043499999,230013
100044399999,290016
100045499999,590034
100045999999,220013
100047099999,220012
100047999999,350020
100048699999,210012
100049899999,720042
100050299999,580033
100051499999,870050
100052199999,240013
100053199999,1100063
100054199999,220013
100055399999,450026
100056399999,350020
100057799999,600034
100058899999,310018
100059499999,320018
100060599999,470027
100061499999,500028
100062299999,570033
100062799999,540031
100063799999,680039
100064999999,340019
100065999999,450026
100067399999,440025
100068499999,880050
100070199999,370022
100070999999,480027
100071799999,440025
100072899999,270016
100073899999,370021
100074899999,200011
100075799999,490028
100076299999,400023
100077599999,470027
100078699999,440025
100080099999,300017
100081099999,470027
100081999999,510029
100082699999,430025
100083999999,630036
100084899999,520030
100085899999,230013
100086599999,470027
100087199999,310018
100088199999,280016
100089499999,840048
100090399999,240013
100091299999,360021
100092999999,430025
100093699999,460026
100094799999,340019
100095699999,380022
100097199999,370021
100097899999,540031
100098999999,130008
100099299999,240013
100100799999,200012
100101499999,220012
100102599999,210012
100103499999,230013
100104499999,290017
100105499999,150009
100106399999,760043
100107699999,1640094
100108299999,730042
100109199999,810046
100110799999,190011
100111299999,760043
100112399999,550032
100113599999,350020
100114499999,940054
100115399999,890051
100116399999,440025
100117399999,1080061
100117999999,850049
100119199999,430025
100120399999,270015
100120999999,570033
100122499999,230013
100122699999,230013
100123599999,400023
100123999999,450026
100125199999,550031
100126199999,440025
100126499999,230013
100128199999,800046
100128599999,670039
100129999999,450025
100130999999,1230071
100131899999,630036
100133099999,470027
100133699999,640036
100134399999,100006
100135399999,330019
100136399999,360020
100136999999,250015
100138299999,290016
100138799999,680039
100139899999,240014
100141099999,380022
100141899999,630036
100142899999,640036
100143899999,450026
100145199999,440025
100145599999,770044
100146599999,640037
100148199999,480027
100148499999,300017
100149599999,470027
100150899999,600035
100151899999,410023
100152799999,370021
100153199999,430025
100154599999,530030
100155599999,230013
100156599999,530031
100157299999,470026
100158999999,430025
100159899999,320018
100160399999,610035
100162199999,240014
100162399999,410023
100163799999,300018
100164599999,260014
100165699999,350021
100166699999,400022
100167499999,550032
100168399999,630036
100169899999,290016
100170799999,1020059
100171799999,620035
100172899999,550032
100173599999,940054
100174899999,3010172
100178899999,280016
100179599999,530030
100180499999,860049
100181899999,290017
100182899999,270015
100183599999,1080062
100184899999,420024
100185099999,360021
100186199999,420024
100186499999,220012
100187799999,440025
100188599999,360021
100190099999,620035
100190999999,500029
100191899999,320018
100192899999,370022
100193799999,290016
100194899999,350020
100195999999,290017
100196699999,450025
100197699999,350020
100198699999,320019
100199799999,250014
100200699999,210012
100201599999,220013
100202299999,260015
100203799999,400022
100204699999,350020
100205299999,740043
100206499999,500028
100207799999,490028
100208399999,890051
100208999999,360021
100210299999,390022
100211799999,310018
100212199999,460026
100212999999,310018
100214199999,340019
100215099999,1070062
100216099999,380021
100217299999,1300075
100218299999,320018
100219899999,200011
100220399999,590034
100221099999,300017
100222099999,230014
100223099999,220012
100223899999,790045
100224899999,710041
100226599999,310018
100226899999,340019
100227699999,320018
100229299999,380022
100230599999,400023
100231499999,580033
100233299999,410024
100234299999,560032
100235299999,1250071
100237099999,330019
100237999999,430025
100238699999,370021
100239899999,290016
100240899999,350020
100241999999,250015
100242799999,420024
100243799999,230013
100245099999,320018
100246199999,270016
100247299999,590033
100247599999,330019
100248899999,590034
100249599999,1130065
100250899999,560032
100252099999,530030
100252799999,330019
100253799999,240014
100254499999,320018
100255599999,260015
100255999999,340019
100256899999,390023
100258499999,210012
100259099999,370021
100260399999,1200068
100261099999,200012
100261799999,230013
100262599999,330019
100263499999,550031
100264799999,230013
100265299999,260015
100266799999,420024
100267399999,300018
100268499999,250014
100269399999,230013
100270599999,440025
100271499999,210012
100272399999,590034
100274299999,420024
100274399999,440025
100275399999,500029
100277199999,440025
100277899999,890051
100279099999,410023
100279499999,200012
100280499999,250014
100281399999,340019
100282599999,980056
100282999999,820047
100283699999,490028
100284699999,270016
100286099999,770044
100287199999,230013
100287999999,990057
100288599999,330019
100289999999,330018
100290499999,250015
100291499999,350020
100292599999,370021
100293099999,280016
100293799999,210012
100295099999,510029
100296299999,410024
100297499999,550031
100298399999,430025
100298999999,460026
100300099999,450026
100301299999,200011
100302199999,430025
100303199999,720041
100304199999,490028
100305499999,430025
100305899999,260014
100307499999,910052
100308599999,410024
100309699999,420024
100310599999,150009
100311099999,300017
100312099999,290016
100312999999,160009
100314399999,220013
100315099999,230013
100316399999,210012
100317399999,250014
100318399999,350020
100319299999,410024
100319599999,430025
100321299999,570032
100322499999,670038
100324199999,490028
100324499999,490029
100325799999,380021
100326799999,540031
100327999999,110006
100328299999,500029
100329899999,340019
100330999999,170010
100331999999,240014
100332899999,200011
100333399999,230014
100334499999,220012
100335299999,220013
100336599999,640036
100337599999,370021
100338499999,220013
100339399999,260015
100340399999,390022
100341299999,1510087
100341799999,430024
100343199999,910052
100344599999,760044
100345499999,1930110
100346599999,600034
100346999999,350020
100348299999,350020
100349599999,410024
100350299999,540031
100351599999,1340076
100352099999,530031
100353399999,440025
100354199999,450026
100355899999,940053
100356799999,620036
100357599999,230013
100358199999,790045
100359799999,670039
100360499999,690039
100361399999,220013
100362999999,540031
100363999999,200011
100364399999,220013
100365399999,330018
100366199999,340020
100367899999,370021
100368699999,740042
100369799999,470027
100371299999,810047
100371999999,220012
100373499999,430025
100373999999,190011
100375099999,410023
100376299999,720041
100376999999,240014
100378699999,320018
100378999999,330019
100380199999,330019
100380999999,210012
100381899999,240014
100383599999,250014
100384399999,220013
100385499999,210012
100385999999,250014
100387399999,410023
100389499999,240014
100389899999,210012
100391399999,570033
100392299999,450026
100393199999,190010
100393799999,350020
100394999999,320019
100395799999,230013
100396799999,520030
100397899999,480027
100398199999,1090062
100399799999,480028
100400399999,430024
100401999999,350020
100402799999,240014
100403999999,650037
100404899999,1010058
100405999999,410024
100406899999,580033
100407499999,220012
100408799999,350020
100409599999,250015
100410799999,630036
100411999999,470027
100413399999,620035
100414199999,250014
100414599999,200012
100415899999,390022
100417199999,270016
100417499999,270015
100419099999,190011
100419399999,680039
100420399999,590034
100421699999,170009
100422299999,250015
100423599999,320018
100424599999,630036
100425799999,410023
100426399999,330019
100427899999,840048
100428599999,360021
100429899999,430024
100430799999,450026
100432099999,320019
100432799999,230013
100433699999,240013
100434799999,260015
100436299999,500029
100436999999,450026
100438299999,340019
100439299999,430025
100440199999,340019
100441399999,370021
100441999999,620036
100443299999,640036
100444799999,590034
100445399999,530030
100446099999,340020
100447799999,150008
100448399999,550032
100449199999,320018
100450199999,270016
100451499999,310017
100452599999,290017
100453599999,240014
100454399999,200011
100455299999,300017
100456099999,390023
100457599999,230013
100458899999,230013
100459399999,220012
100460599999,330019
100461199999,230014
100463099999,320018
100463299999,210012
100464299999,220012
100465299999,250015
100466299999,210012
100467099999,730041
100468099999,280016
100468699999,230014
100469899999,360020
100471199999,330019
100471899999,220013
100472899999,230013
100473599999,300017
100474799999,560032
100476099999,1050060
100477499999,540031
100478099999,540031
100479099999,380022
100480299999,200011
100480999999,450026
100481899999,660038
100483199999,420024
100483899999,160009
100484499999,230013
100485599999,1250071
100486999999,200012
100487699999,380022
100489399999,210012
100489599999,370021
100491299999,370021
100492099999,240014
100493199999,220012
100493899999,380022
100495199999,650037
100496599999,700040
100496899999,280016
100497899999,540031
100498799999,520030
100499799999,400023
100500899999,220012
100501599999,670039
100503099999,370021
100503899999,420024
100505099999,390022
100506399999,440025
100506999999,260015
100508099999,550032
100509199999,210012
100510199999,220012
100511199999,300017
100512199999,400023
100513099999,460027
100514799999,450025
100514999999,440025
100516699999,960055
100516999999,1310075
100518599999,1260072
100519399999,490028
100520499999,300018
100521099999,580033
100522499999,310017
100523399999,270016
100524599999,1360078
100525299999,480027
100526199999,1480085
100527399999,760043
100528099999,350020
100528699999,500029
100530199999,440025
100530999999,880050
100531699999,690040
100532699999,330019
100533399999,370021
100534499999,460026
100535399999,550032
100537199999,380021
100538099999,340020
100538799999,250014
100540399999,310018
100540599999,320018
100541599999,250015
100542299999,500028
100543199999,380022
100544199999,230013
100545099999,220013
100545299999,90005
100546299999,230013
100547299999,220012
100548299999,120007
100549599999,130008
100550499999,660038
100550899999,650037
100552099999,470027
100552899999,600034
100554499999,1440082
100556099999,430025
100556999999,290016
100557699999,220013
100558399999,580033
100559399999,430025
100560599999,430024
100561599999,450026
100562599999,520029
100563599999,250015
100564599999,260015
100565399999,310017
100565999999,210012
100566999999,110007
100567299999,340019
100568199999,440025
100569399999,350020
100570499999,320019
100571499999,340019
100572499999,570033
100574399999,790045
100574699999,660038
100575999999,640036
100577099999,1000057
100578299999,540031
100578499999,360021
100580199999,450026
100580999999,320018
100581899999,330019
100582599999,390022
100584099999,210012
100585099999,330019
100586199999,620035
100587299999,390023
100588299999,190011
100588899999,310017
100590299999,210012
100590899999,440026
100592199999,550031
100592599999,330019
100593499999,220012
100594499999,230014
100595499999,220012
100596099999,120007
100596899999,210012
100597899999,440025
100598799999,130008
100600199999,240013
100600599999,210012
100601799999,210012
100603099999,710041
100604199999,520030
100604499999,660038
100605499999,400022
100606999999,570033
100608099999,500029
100608399999,710040
100610299999,510029
100610499999,1080062
100611999999,700040
100612499999,340020
100613699999,290016
100614599999,280016
100616099999,430025
100616599999,520030
100618099999,370021
100618399999,250014
100619899999,200012
100620599999,330018
100621499999,340020
100622599999,410023
100623799999,580034
100625099999,570032
100626499999,880050
100627099999,710041
100628699999,850049
100629299999,630036
100629899999,550031
100630899999,340020
100631899999,360020
100632299999,200012
100633499999,230013
100634199999,270015
100635199999,290017
100635899999,250014
100637499999,230013
100638699999,420024
100639699999,750043
100641299999,140008
100642099999,340020
100643099999,890051
100644299999,520029
100644599999,520030
100646399999,1080062
100647699999,410023
100648199999,590034
100649599999,690040
100650599999,390022
100650799999,220012
100651799999,240014
100652799999,680039
100654699999,210012
100655299999,340019
100655799999,240014
100657499999,330019
100658299999,370021
100659099999,190011
100660399999,210012
100661299999,330019
100661999999,290017
100663299999,350020
100664599999,250014
100664999999,230013
100665899999,210012
100666899999,620036
100668399999,770044
100668999999,750042
100670199999,480028
100671499999,280016
100671699999,570033
100672799999,240013
100674299999,320019
100674899999,210012
100675899999,410023
100676999999,220013
100678499999,350020
100679199999,310017
100680399999,310018
100681199999,260015
100682499999,210012
100683299999,590034
100683999999,390022
100685699999,270016
100686499999,240013
100687599999,180011
100687899999,230013
100688899999,450025
100689699999,240014
100690599999,280016
100691599999,470027
100691999999,500029
100693899999,810046
100694699999,610035
100694999999,300017
100696599999,670038
100697499999,590034
100698599999,310018
100699099999,1040059
100700399999,300018
100701599999,610034
100702699999,450026
100703799999,530030
100704599999,650038
100705699999,680039
100706499999,720041
100707399999,1020058
100708099999,470027
100709099999,960055
100710599999,610035
100711299999,700040
100712399999,1190068
100713299999,340019
100714499999,700040
100715799999,1340077
100716599999,510029
100717899999,220013
100718799999,400023
100719799999,490028
100720799999,450025
100721799999,620036
100722699999,180010
100723699999,330019
100724599999,310018
100725599999,500028
100726599999,230014
100726899999,460026
100728699999,660038
100729299999,720041
100729999999,550031
100731399999,660038
100732199999,1030059
100733399999,390022
100734099999,1180068
100735899999,700040
100736599999,490028
100737599999,1390079
100738499999,1360078
100739299999,200012
100739799999,660037
100740999999,1190068
100742599999,290017
100743399999,340019
100744599999,300018
100745499999,880050
100746299999,640036
100747999999,400023
100748599999,580034
100749499999,430024
100750099999,470027
100751699999,510029
100752699999,360021
100753399999,550031
100754499999,380022
100755299999,460026
100756199999,560032
100756799999,880051
100758099999,480027
100758999999,470027
100760099999,480027
100761199999,1460084
100761599999,290017
100762699999,900051
100764299999,240014
100764699999,230013
100765899999,550031
100766799999,460027
100768199999,520029
100768699999,590034
100770299999,370021
100771199999,240014
100771599999,230013
100772599999,250015
100773999999,260014
100775199999,330019
100775799999,210012
100776799999,360021
100778199999,1120064
100779299999,690039
100779899999,1200069
100780899999,570033
100782499999,580033
100783799999,600034
100784199999,840048
100785699999,1080062
100786199999,470027
100787399999,550031
100788399999,810047
100789299999,320018
100790399999,360021
100791399999,550031
100792799999,310018
100793399999,360020
100794599999,340020
100795199999,320018
100796699999,210012
100797499999,560032
100797899999,440025
100798899999,330019
100799699999,340020
100800699999,470026
100802099999,770045
100803399999,1020058
100804499999,500028
100805799999,680039
100806499999,860050
100807599999,680038
100808599999,390023
100809399999,290016
100810299999,260015
100811099999,330019
100812299999,280016
100812799999,380022
100813899999,560032
100815099999,400023
100816299999,660038
100817099999,420024
100817799999,230013
100819099999,660037
100820199999,340020
100821199999,240014
100821799999,780044
100823099999,550032
100824399999,550031
100825399999,360021
100826199999,880050
100826799999,670038
100827999999,650038
100828899999,600034
100829999999,510029
100831399999,780045
100831599999,750043
100832799999,600034
100834299999,350020
100835299999,750043
100835999999,440025
100837099999,350020
100838099999,210012
100838899999,350020
100839999999,410024
100841099999,400022
100841899999,320019
100842999999,450025
100843799999,390023
100844999999,510029
100845899999,440025
100846899999,830048
100848199999,170009
100849099999,420024
100849799999,390023
100850799999,300017
100851699999,450026
100852799999,460026
100853499999,340019
100854999999,530031
100855999999,420024
100857299999,580033
100858299999,390022
100859299999,280016
100860299999,230013
100860799999,340020
100861899999,330019
100862899999,350020
100863999999,320018
100865399999,400023
100866299999,410023
100866999999,300017
100868099999,450026
100869199999,490028
100870599999,340020
100871599999,330019
100872099999,340019
100873599999,430025
100874599999,370021
100875599999,290016
100876599999,260015
100877599999,370021
100878199999,320019
100879199999,420024
100879899999,320018
100880899999,650037
100881999999,480028
100883099999,330018
100884199999,440026
100885099999,730041
100886299999,1060061
100887499999,740042
100887699999,490028
100888699999,510030
100889699999,340019
100890699999,370021
100891699999,290017
100892599999,330019
100893599999,350020
100894499999,1050060
100895599999,650037
100896699999,950054
100897899999,580033
100898199999,440026
100899799999,400022
100900899999,470027
100901499999,310018
100902499999,530030
100903399999,560032
100904499999,220013
100905099999,340019
100905899999,240014
100906799999,320018
100907899999,320019
100908899999,350020
100910199999,490028
100910399999,560032
100911399999,490028
100912499999,230013
100913199999,410024
100914599999,480027
100915499999,410023
100916099999,510030
100917499999,420024
100918099999,660037
100919499999,490028
100920799999,710041
100921399999,460026
100922899999,400023
100923799999,340020
100924599999,730041
100925199999,490028
100926399999,630036
100927199999,330019
100928099999,270016
100929199999,560032
100930199999,320018
100931099999,300017
100932099999,490028
100933299999,360021
100933999999,970055
100934999999,530031
100935699999,310017
100936899999,570033
100937599999,710041
100938699999,910052
100940299999,580033
100940899999,360020
100942199999,560033
100942999999,1210069
100944699999,590033
100945699999,710041
100946899999,1090062
100948099999,700040
100948899999,880051
100949999999,220012
100950999999,230014
100951299999,380021
100952299999,170010
100953199999,380022
100953999999,1180067
100954499999,650037
100955499999,360021
100956599999,350020
100957599999,390022
100958499999,140008
100958899999,390023
100959999999,330019
100961499999,1360077
100962699999,490028
100963399999,380022
100964899999,610035
100965799999,370021
100966799999,330019
100968199999,250014
100968799999,250015
100970099999,320018
100971099999,610035
100972399999,420024
100973399999,460026
100974599999,280016
100975399999,360021
100976799999,310017
100977799999,540031
100978799999,460027
100979799999,230013
100980799999,240014
100981799999,340019
100982599999,410023
100983699999,340020
100984799999,780045
100985999999,700040
100986999999,690039
100988099999,6210355
100992899999,440025
100993299999,230014
100993899999,210012
100994499999,580033
